1 30198105513140224 1296034764
1 30407896273526784 1296084782
1 30275282464153600 1296053164
1 29983478363717633 1295983592
1 29993695927336960 1295986029
1 30315453180022785 1296062741
1 30167063326629888 1296027363
1 30016851715031040 1295991549
1 30016488928706560 1295991463
1 30316304493707264 1296062944
1 30317913206431744 1296063328
1 30319208176820224 1296063637
1 29990983902961664 1295985382
1 30219793458008064 1296039934
1 29629635817906176 1295899230
1 30236041789050880 1296043808
1 30149086560657409 1296023077
1 30223544906424320 1296040829
1 29621742011944960 1295897348
1 30236884051435520 1296044009
1 33823403328671744 1296899102
1 32158658863304705 1296502196
1 29978962599870465 1295982516
1 34952194402811904 1297168227
1 30162553262841857 1296026287
1 32415024995631105 1296563318
1 30500781002063872 1296106927
1 29990282447552512 1295985215
1 30051954050727936 1295999918
1 30251634873335810 1296047526
1 30188655465209856 1296032510
1 30137431932010498 1296020298
1 30554037510213632 1296119624
1 30299217419304960 1296058871
1 29997693933719553 1295986982
1 29967932868009984 1295979886
1 30157835434201089 1296025162
1 30581416408391680 1296126152
1 30360018473713664 1296073367
1 29991643910242304 1295985539
1 30025535761420289 1295993620
1 33212352774017025 1296753416
1 30022487840391168 1295992893
1 30248740119908353 1296046836
1 31285713932656640 1296294070
1 30828308941774848 1296185016
1 30686548747882496 1296151218
1 29552940691759104 1295880944
1 30325761801977856 1296065199
1 31901860688306176 1296440970
1 34665469260599296 1297099866
1 34553453812387840 1297073160
1 33537918312120320 1296831037
1 31864505059250176 1296432064
1 34603959033270272 1297085201
1 34512565178613760 1297063411
1 29567346330828800 1295884379
1 33634329997348864 1296854023
1 33172089494044672 1296743817
1 33878396152840192 1296912213
1 29498818177269760 1295868040
1 29527121936261121 1295874789
1 34829580653035521 1297138993
1 30629479080525824 1296137611
1 29888760359428098 1295961010
1 30125301874827265 1296017406
1 29971808702701568 1295980810
1 29199690595573762 1295796723
1 32096654177861634 1296487413
1 33323060572459009 1296779811
1 30217175910318080 1296039310
1 32494503902314496 1296582268
1 30225639298568192 1296041328
1 32797963470245888 1296654618
1 29458519027621888 1295858432
1 30254811135873024 1296048283
1 30505596528623616 1296108075
1 30325151543332864 1296065054
1 30407444110778369 1296084674
1 33044519750475776 1296713402
1 30226418377957376 1296041514
1 30986508492087297 1296222733
1 31506250382446592 1296346650
1 31850686425600000 1296428770
1 30269207937548288 1296051716
1 30419535756533762 1296087557
1 29847551599448064 1295951185
1 30419324359417857 1296087506
1 29833507912032256 1295947837
1 29509222337085440 1295870521
1 31218241376358400 1296277983
1 33501800959053824 1296822426
1 29486448969256960 1295865091
1 32378741137080320 1296554668
1 32740337151643648 1296640879
1 32777419622457344 1296649720
1 32675710938124289 1296625471
1 32947243380113409 1296690209
1 30953487999180801 1296214861
1 31766064534650880 1296408594
1 34659485100277760 1297098439
1 30780801931026432 1296173689
1 30375540082872320 1296077067
1 33249188615557121 1296762198
1 30225867514847232 1296041383
1 29143071471964160 1295783224
1 32658399627845632 1296621343
1 30923924376125441 1296207812
1 30945386776498176 1296212929
1 34227948139581440 1296995553
1 33477450369343490 1296816620
1 34192301035102208 1296987054
1 33925179675516928 1296923367
1 34921541489664000 1297160918
1 34676047827959808 1297102388
1 32478310793482241 1296578407
1 31800660550746112 1296416842
1 30293370664390656 1296057477
1 33205141876244480 1296751697
1 33232080708042752 1296758120
1 30182793933758464 1296031113
1 30921324712960000 1296207192
1 33829077005766656 1296900455
1 29305606699487233 1295821975
1 32240123013767168 1296521618
1 30645249470636032 1296141371
1 30268814184677376 1296051622
1 33230810693763072 1296757817
1 34448730182651904 1297048191
1 29502956738969601 1295869027
1 33045690359889920 1296713681
1 29354296369750016 1295833584
1 32046198844030976 1296475383
1 29454818732937216 1295857550
1 30272338838683649 1296052462
1 31264108749791232 1296288919
1 31040800968151041 1296235678
1 34392034286505984 1297034674
1 29264804417904641 1295812247
1 30623271892287488 1296136131
1 30705412344905728 1296155715
1 30044145355591680 1295998057
1 34834260657446912 1297140109
1 34730882833063936 1297115462
1 30377751324135424 1296077594
1 33086569376124928 1296723427
1 30245708099485697 1296046113
1 28972570082541568 1295742573
1 30633744511533057 1296138628
1 30285617376002049 1296055628
1 29013703143723008 1295752380
1 31016423132233728 1296229866
1 31074566692405248 1296243728
1 34600937918038016 1297084481
1 32207873299714048 1296513930
1 30538543336005633 1296115930
1 32087084403531778 1296485131
1 32459645951942657 1296573957
1 32491808525123585 1296581625
1 32255527954153472 1296525291
1 32221194124005376 1296517105
1 30632062528524288 1296138227
1 30661222504341506 1296145179
1 33238449611870208 1296759638
1 29868861285208064 1295956266
1 29496755024306176 1295867549
1 29533394589188096 1295876284
1 31698534671581184 1296392494
1 31653409140514816 1296381735
1 31559686092234752 1296359390
1 34420952561352705 1297041569
1 29605868483907585 1295893563
1 32080604065431552 1296483586
1 32453406425616384 1296572469
1 30315979753922560 1296062867
1 33602042350010368 1296846325
1 29510561670631424 1295870840
1 29524908715278336 1295874261
1 29881216786235392 1295959211
1 32413541927489536 1296562965
1 33140845918027776 1296736368
1 33148017498394624 1296738077
1 34530359324450816 1297067653
1 34524023287193601 1297066143
1 34526590725521408 1297066755
1 34514609985556480 1297063898
1 34518693245353984 1297064872
1 34389878783348736 1297034160
1 34692588061593600 1297106332
1 29545247558082560 1295879110
1 29556093059334145 1295881696
1 29589342976475137 1295889623
1 29611196407615489 1295894834
1 31802759606968320 1296417343
1 31793298611904512 1296415087
1 30536389103718400 1296115417
1 30345836181331968 1296069985
1 33631760113733632 1296853411
1 29510100452380672 1295870730
1 31697580173824000 1296392266
1 29681781447856128 1295911662
1 32092448863821824 1296486410
1 29514474415198208 1295871773
1 29870753969082368 1295956717
1 29863484023898112 1295954984
1 30099270166122496 1296011199
1 29768347516141568 1295932301
1 30547897904795648 1296118161
1 31283971526492160 1296293654
1 31382569094221825 1296317162
1 34303174483382273 1297013488
1 31701120082518016 1296393110
1 31557790140997632 1296358938
1 34623437011951617 1297089845
1 29556002466562048 1295881674
1 29556002957295617 1295881674
1 29558169986400257 1295882191
1 29563771118686208 1295883526
1 29565469983768576 1295883932
1 29577138822713344 1295886714
1 32124582701830144 1296494072
1 32047502001700865 1296475694
1 31473669091893248 1296338882
1 29600888276389888 1295892376
1 32108969908510721 1296490349
1 30020165022253056 1295992339
1 32985385306955776 1296699303
1 31649109051965440 1296380710
1 29263407261683712 1295811914
1 33536977986912256 1296830813
1 33287402286088192 1296771309
1 31295093545635840 1296296306
1 33855073603813376 1296906653
1 33332326909874178 1296782020
1 34254070491512832 1297001781
1 33414557405814784 1296801625
1 32819851680555008 1296659837
1 29208850963898368 1295798907
1 34703780100448257 1297109000
1 29386330014220288 1295841221
1 31891930191368192 1296438603
1 34005858346209280 1296942603
1 32465726920990720 1296575407
1 32518560450355201 1296588003
1 29756063234392064 1295929372
1 31358394308759552 1296311398
1 31844960768622592 1296427404
1 32885753293840385 1296675549
1 32152580834467840 1296500747
1 32359719850999808 1296550133
1 34141526510534656 1296974948
1 32031603798581248 1296471904
1 30932845773987841 1296209939
1 31020127696719875 1296230749
1 33835892271484928 1296902080
1 32015055218278400 1296467958
1 34436942024146944 1297045381
1 32256608088096768 1296525549
1 31776746088955904 1296411141
1 30261845583466496 1296049960
1 29742489594236929 1295926136
1 33079539416436736 1296721751
1 29839609810657280 1295949292
1 33324493715808256 1296780153
1 30098783110959104 1296011083
1 31004534390132736 1296227031
1 31025967845605376 1296232141
1 29581749524635649 1295887813
1 29386974234152961 1295841375
1 29400990247559168 1295844716
1 32062077854027776 1296479169
1 32555344509014016 1296596773
1 32129659634188288 1296495282
1 31784729325867009 1296413044
1 30427114884829184 1296089364
1 33300027010977793 1296774319
1 32202373904474112 1296512618
1 30673878544027648 1296148197
1 31220758067814400 1296278583
1 29059262076420096 1295763242
1 34026930940416000 1296947627
1 32017115082919936 1296468449
1 31882674922586113 1296436396
1 34766062104875008 1297123849
1 29694513467367425 1295914698
1 29982004049088512 1295983241
1 29133993907589121 1295781060
1 29943004760375297 1295973943
1 30163260250521600 1296026456
1 30098660507262978 1296011054
1 29900581036363777 1295963828
1 32812128800870400 1296657995
1 32720980979744768 1296636264
1 32783211335524352 1296651101
1 32827938114113536 1296661765
1 32834102369456130 1296663234
1 32863729255190528 1296670298
1 30575550066073600 1296124753
1 30598140105072640 1296130139
1 31347762272411648 1296308863
1 31365504799080448 1296313093
1 31407004262080513 1296322987
1 34142019685187584 1296975066
1 34178675104546816 1296983805
1 31740027205582848 1296402386
1 34889484864585728 1297153276
1 34623684111122432 1297089904
1 34421098728656896 1297041604
1 33978192351985664 1296936006
1 32324772499038208 1296541800
1 32302450392174592 1296536478
1 32463445253169152 1296574863
1 32485936868626432 1296580225
1 32487673503416321 1296580639
1 32503784500367360 1296584480
1 32237318962159616 1296520950
1 30657079391813632 1296144191
1 30515857213890560 1296110521
1 30669091442266112 1296147055
1 30694628223090688 1296153144
1 30390314107666433 1296080590
1 33391140686274560 1296796042
1 33551074518376449 1296834174
1 33556305918566400 1296835421
1 33354086187274241 1296787208
1 34551264511528960 1297072638
1 29523538457133056 1295873934
1 30084412947308545 1296007657
1 29109203574464512 1295775149
1 29733292613828608 1295923944
1 32417437399912448 1296563894
1 33163171782991874 1296741690
1 29618827050360833 1295896653
1 30423507347181568 1296088504
1 29939220936134656 1295973041
1 32836484335673345 1296663802
1 32850626794758144 1296667174
1 32229379287289857 1296519057
1 29728688329195522 1295922846
1 30009797621321728 1295989867
1 32049806075498496 1296476243
1 32790903345127425 1296652935
1 33160316497956865 1296741010
1 31329928423153664 1296304611
1 33502424622702592 1296822575
1 33475775109935104 1296816221
1 33753820710305792 1296882512
1 31630220884713472 1296376206
1 33976236870991872 1296935540
1 29545988997775360 1295879287
1 29562833381359616 1295883303
1 32085457563033600 1296484743
1 32485708400693248 1296580171
1 32533753976848384 1296591626
1 30528451601498112 1296113524
1 30697009404973056 1296153712
1 33333807612432384 1296782373
1 32723611248758785 1296636891
1 32788531394904065 1296652369
1 33158485885583362 1296740573
1 33175052706906112 1296744523
1 33841135629639680 1296903330
1 34607321665507329 1297086003
1 34728639425683457 1297114927
1 29985873407778816 1295984163
1 32894323859128320 1296677592
1 29852458201120768 1295952355
1 29864494700171264 1295955225
1 29166207668060160 1295788740
1 29811449429753856 1295942578
1 32739398097309697 1296640655
1 32767063256735744 1296647251
1 30907738049482752 1296203953
1 31357298244849664 1296311137
1 30947758529581056 1296213495
1 31285228551020544 1296293954
1 31201653633851393 1296274028
1 31203541183889408 1296274478
1 33439073175605248 1296807470
1 34172086045904896 1296982234
1 34326030139260928 1297018937
1 31748035725754369 1296404296
1 31931532440502272 1296448045
1 31573774750982145 1296362749
1 34488316711673856 1297057630
1 29637143894695936 1295901020
1 32067059055599616 1296480357
1 32552948760317954 1296596202
1 30276766429880320 1296053518
1 29962342087266304 1295978553
1 33395096489566209 1296796986
1 33323601411178496 1296779940
1 33651740842659841 1296858174
1 34577306567581697 1297078846
1 29516341958418433 1295872218
1 29518797924737025 1295872804
1 29534346142547970 1295876511
1 30163993351950337 1296026631
1 33109251412987904 1296728835
1 32610941329735680 1296610028
1 32911655666974721 1296681724
1 30937498729324544 1296211049
1 31817551780511745 1296420870
1 31097870736166912 1296249284
1 34426775496818688 1297042957
1 34792710141378560 1297130203
1 29432638418714624 1295852262
1 29692345364516864 1295914181
1 32459045830922240 1296573814
1 32148067008389120 1296499671
1 30762245684207616 1296169265
1 34946671993430016 1297166910
1 31051749766725633 1296238288
1 31095565647351809 1296248735
1 31102251548278784 1296250329
1 34458532887662592 1297050529
1 32060997929795584 1296478912
1 32486246223716353 1296580299
1 30093019122245633 1296009709
1 29770675698802688 1295932856
1 32818830015205376 1296659593
1 33030044649529344 1296709950
1 32846346322972672 1296666153
1 32846874440372224 1296666279
1 30588004431044608 1296127723
1 31349658164924416 1296309315
1 31015642559684609 1296229680
1 31048239914418177 1296237451
1 31049498725715968 1296237752
1 31064163123990528 1296241248
1 31164320423346176 1296265127
1 31112125946535937 1296252683
1 33933985159581696 1296925467
1 31647194419298304 1296380253
1 34352312872869888 1297025204
1 34654464329654272 1297097242
1 34729351735939072 1297115097
1 34674358152593408 1297101985
1 32187157066031105 1296508990
1 30722466175262720 1296159781
1 33588571071848448 1296843114
1 33722848505765888 1296875128
1 33307023101788160 1296775987
1 33284209963442178 1296770548
1 33591723158413312 1296843865
1 34949400304435200 1297167561
1 29913988095549440 1295967025
1 29956719601782784 1295977213
1 30097640238616576 1296010811
1 32398472812433409 1296559372
1 31006948316942336 1296227607
1 31050063312588800 1296237886
1 31060793743118336 1296240444
1 33501868047089665 1296822442
1 31093598376169472 1296248266
1 34389128141344768 1297033981
1 34409479747403776 1297038833
1 29209817457360896 1295799137
1 29330189708169217 1295827836
1 29624980987715585 1295898120
1 32202608034709504 1296512674
1 30282921529057280 1296054985
1 33527526974296064 1296828560
1 33593501908213760 1296844289
1 29879628520755200 1295958833
1 29066159999426561 1295764887
1 29909430170558465 1295965938
1 29919808589926400 1295968412
1 30045558601162752 1295998394
1 32400262190596096 1296559799
1 32744356741910528 1296641837
1 32780506495983616 1296650456
1 32709357749673984 1296633493
1 33053002004692992 1296715424
1 32639842919645185 1296616919
1 32625245290500097 1296613439
1 32983772957777920 1296698918
1 32941013081403392 1296688724
1 30595184769114112 1296129435
1 30913988527132672 1296205443
1 30918096092930048 1296206423
1 31327728544260096 1296304087
1 31006753210503169 1296227560
1 30957812951547904 1296215892
1 31196409826910208 1296272778
1 31155246109560832 1296262964
1 31113272400809984 1296252956
1 33504968841367552 1296823181
1 33878460057260032 1296912228
1 34186687638667264 1296985716
1 34106569910124544 1296966614
1 31702884877860866 1296393531
1 31417633337245696 1296325522
1 31057586581143552 1296239680
1 31092963287244801 1296248114
1 34440054554230784 1297046123
1 34738365479784449 1297117246
1 34676394025816064 1297102471
1 29336922342039552 1295829441
1 32087894608842752 1296485324
1 32199847599669249 1296512016
1 32591141756997632 1296605308
1 32565931775365120 1296599297
1 32177366843265024 1296506656
1 32167844263231489 1296504386
1 31802343511040000 1296417244
1 30629133356630017 1296137529
1 30256221923573761 1296048620
1 30785461936979968 1296174800
1 30329989480054784 1296066207
1 30699776429260801 1296154371
1 29986732187328512 1295984368
1 33521585340022784 1296827143
1 33433309610516480 1296806096
1 33584653612875776 1296842180
1 33341867525406720 1296784295
1 33252443764555776 1296762975
1 33269897484050432 1296767136
1 34540425826017280 1297070053
1 34946976793493504 1297166983
1 31582711420297216 1296364879
1 31121720010080256 1296254970
1 34437396267409408 1297045489
1 30657948912984064 1296144399
1 33610403573399552 1296848319
1 29516215382704128 1295872188
1 29833488366567425 1295947832
1 30202764176920576 1296035874
1 29945506998259712 1295974539
1 32363020877299712 1296550920
1 32840965274214402 1296664870
1 30927474401480704 1296208659
1 30910901628444673 1296204707
1 31230480170876928 1296280901
1 31210617436119040 1296276165
1 31089355871223808 1296247254
1 31137293787992064 1296258683
1 34403514197221377 1297037411
1 29603268845899776 1295892943
1 32432529348763648 1296567492
1 30471347289202688 1296099909
1 30422188423122944 1296088189
1 30384275467534337 1296079150
1 32871708100665344 1296672200
1 34571364916535296 1297077430
1 30214138433114113 1296038586
1 33003809462550528 1296703696
1 32962876486455297 1296693936
1 30976623092170753 1296220377
1 31048820909412352 1296237590
1 33908453848125440 1296919380
1 34715393700405248 1297111769
1 28970330303238144 1295742039
1 32105301104660480 1296489474
1 30631443172429824 1296138079
1 30675019294048256 1296148469
1 30752130507743233 1296166853
1 29494468423979008 1295867003
1 29516745366577152 1295872315
1 29531236082917376 1295875770
1 29856935905861633 1295953422
1 30228477894463488 1296042005
1 29117651632521216 1295777163
1 29944142427586560 1295974214
1 33123448163143680 1296732220
1 32784597687209985 1296651431
1 33045961055936512 1296713745
1 32867351389011968 1296671161
1 32837724478111744 1296664098
1 32947242419625984 1296690209
1 32951684229496832 1296691268
1 32953174037897216 1296691623
1 32933585396699137 1296686953
1 30569424717086720 1296123293
1 31348112928808961 1296308947
1 31086679360016384 1296246616
1 34227933115580416 1296995549
1 33501617542135808 1296822382
1 33496579553886210 1296821181
1 33845551682293760 1296904383
1 31666837565480960 1296384937
1 32006313441497088 1296465874
1 31752624709566464 1296405390
1 31602622544740353 1296369627
1 31762305326784512 1296407698
1 31934972214382592 1296448865
1 31497321950748673 1296344521
1 34626649588768768 1297090611
1 34634274011357187 1297092429
1 34643897095299073 1297094723
1 34853451863171072 1297144685
1 34795164165738496 1297130788
1 34756421987864576 1297121551
1 34770147554107393 1297124823
1 34793802963099648 1297130463
1 34720143506411520 1297112901
1 29545371399102464 1295879140
1 29589719394287616 1295889713
1 28965795836993537 1295740958
1 29638855883751426 1295901428
1 32061324829659136 1296478990
1 32106462016700418 1296489751
1 32119399087341568 1296492836
1 32112584387723264 1296491211
1 30640380236005377 1296140210
1 30476972291268609 1296101251
1 30452842179338240 1296095498
1 30343283246899201 1296069377
1 33520428001525761 1296826867
1 33186600020082688 1296747276
1 33538430713462784 1296831159
1 33413786287214592 1296801442
1 33413786752782336 1296801442
1 33415288099700736 1296801800
1 33551624051892224 1296834305
1 33552145605206016 1296834429
1 33573936394403840 1296839624
1 33570554111852544 1296838818
1 33509236184973313 1296824199
1 33511524395917313 1296824744
1 33329565959069696 1296781362
1 33249624546480128 1296762302
1 34936955707858946 1297164593
1 30213872900120576 1296038523
1 30114075899863040 1296014729
1 31087603558125568 1296246836
1 34264231951990785 1297004204
1 34617304075476994 1297088383
1 34439921234223104 1297046091
1 34674614193889280 1297102046
1 29436516388315136 1295853187
1 29559543654514688 1295882519
1 29569871935176706 1295884981
1 30762376533909504 1296169296
1 33515779911585792 1296825759
1 33789978660048896 1296891133
1 32101164967272448 1296488488
1 30249005795508224 1296046899
1 32202010056986625 1296512532
1 30208572386189312 1296037259
1 34171740720467968 1296982152
1 34139645902065664 1296974500
1 31535901725171712 1296353719
1 31081315595980801 1296245337
1 34697869604687873 1297107591
1 33964652295761920 1296932778
1 29173239343222784 1295790416
1 29559154779627520 1295882426
1 29591774833934337 1295890203
1 29693520885325824 1295914461
1 29697492232704000 1295915408
1 29651502490456064 1295904443
1 30777920888770560 1296173002
1 33615795615432704 1296849604
1 29858862605541376 1295953882
1 29903255878246400 1295964466
1 33161229186891777 1296741227
1 32714547517198336 1296634730
1 31348772848013312 1296309104
1 31937293623230464 1296449418
1 34418342164955136 1297040946
1 34384798248083458 1297032949
1 32274922646544384 1296529915
1 30424337299275776 1296088701
1 33218836362698752 1296754962
1 33359604939227136 1296788524
1 33598202879938563 1296845410
1 33603631739572224 1296846704
1 33344161365106688 1296784842
1 33612222001319936 1296848752
1 34545260038193152 1297071206
1 30215190599438336 1296038837
1 29906295507124224 1295965191
1 29937905149415424 1295972727
1 32403802032181249 1296560643
1 32839226022166528 1296664456
1 32984693129347072 1296699138
1 30891268313718784 1296200026
1 31188899808157696 1296270987
1 31032047602499584 1296233591
1 31044142280740864 1296236474
1 31087862103412736 1296246898
1 33469985791811584 1296814841
1 33942252275367937 1296927438
1 31517772819202049 1296349397
1 31079841130352640 1296244986
1 31083961681715201 1296245968
1 34490533422305280 1297058158
1 34481845777207296 1297056087
1 34456915450933248 1297050143
1 34778717079216128 1297126866
1 34725508193198080 1297114180
1 34707878099161088 1297109977
1 34350601898819585 1297024796
1 33979518095986688 1296936323
1 33981363908644864 1296936763
1 34013652709281792 1296944461
1 29350792112644096 1295832748
1 28977010567024641 1295743632
1 32061201546485760 1296478960
1 32083067443085312 1296484174
1 32257111513632769 1296525669
1 32573973770280960 1296601215
1 30541072992043008 1296116533
1 30289982442708992 1296056669
1 30404553878806528 1296083985
1 30707272900411392 1296156159
1 33550158423662593 1296833955
1 33558824182878208 1296836021
1 33587968031592448 1296842970
1 33649948545257472 1296857747
1 29486038074265600 1295864993
1 29859257591533568 1295953976
1 30205475010117632 1296036521
1 30222497001512961 1296040579
1 29108588345561090 1295775002
1 29954511493664768 1295976686
1 30182940549849088 1296031148
1 30185818190520321 1296031834
1 30144943280357377 1296022089
1 29906080603574273 1295965139
1 30094944089673729 1296010168
1 30097818068721664 1296010853
1 30097838947966977 1296010858
1 30113531932184577 1296014600
1 30083628629229568 1296007470
1 29914757645467649 1295967208
1 29704849801089024 1295917162
1 30057567585570816 1296001257
1 30049718461530112 1295999385
1 30036915944161280 1295996333
1 30061589457539072 1296002216
1 30026774188400641 1295993915
1 32378805897134080 1296554683
1 33127364129071104 1296733153
1 33128070302924801 1296733322
1 33102765794263040 1296727289
1 32790898064498689 1296652933
1 32753651327963136 1296644053
1 32734303968305152 1296639440
1 33158493938647040 1296740575
1 33093208992907264 1296725010
1 33067293407711232 1296718831
1 33027166862053376 1296709264
1 33025030090653698 1296708755
1 32848127127986178 1296666578
1 32849862303158272 1296666992
1 32616303634157569 1296611307
1 32624869447311360 1296613349
1 32997191500959744 1296702118
1 32984393916096513 1296699066
1 30554794296872960 1296119805
1 30990077148528641 1296223584
1 30976594809978881 1296220370
1 31338323108700160 1296306613
1 31018859934785536 1296230447
1 31378269056016384 1296316136
1 31402344189001728 1296321876
1 31037369356394496 1296234860
1 30859451690913792 1296192441
1 30868847158362112 1296194681
1 31155693402722304 1296263070
1 33454984544649216 1296811264
1 33478500140851200 1296816871
1 33478834615488512 1296816950
1 33784302688796672 1296889780
1 33907985839292416 1296919268
1 33754035664199680 1296882563
1 33756253536649217 1296883092
1 33756349586210817 1296883115
1 33768695880749056 1296886059
1 34084593208393728 1296961374
1 33762939332730881 1296884686
1 33764364427202560 1296885026
1 33748547820068864 1296881255
1 34041139824836608 1296951014
1 31704156364341249 1296393834
1 31646600182894592 1296380112
1 31652393514958849 1296381493
1 31997843698880512 1296463855
1 31624735653629952 1296374899
1 31562275005407232 1296360007
1 31951427614015488 1296452788
1 31939951071334400 1296450052
1 31547726009212928 1296356538
1 31519234840334336 1296349745
1 31513823298981889 1296348455
1 31826906298974208 1296423100
1 31134853722279936 1296258102
1 31075671425949696 1296243992
1 31107196141965312 1296251508
1 31107828835942401 1296251659
1 34893516719001600 1297154237
1 34606506842267648 1297085808
1 34601678594375680 1297084657
1 34525055559933952 1297066389
