1 1297168227
2 1297191104
3 1297200733
4 1296667334
5 1296841449
6 1297180859
7 1297205793
8 1297100579
9 1297201286
10 1296331595
11 1296988723
12 1296507753
13 1295883821
14 1296649862
15 1296390025
16 1295888632
17 1296674020
18 1296032372
19 1297121102
20 1296976160
21 1296270210
22 1296598654
23 1297195465
24 1297185064
25 1296762729
26 1296828651
27 1296793198
28 1296081972
29 1297127157
30 1297205461
31 1296809042
32 1296785302
33 1296156474
34 1296859340
35 1295853497
36 1295910035
37 1296756303
38 1296564400
39 1296238449
40 1296506017
41 1296496554
42 1297111633
43 1296288365
44 1296221745
45 1296564749
46 1297204499
47 1297123967
48 1296466617
49 1296600263
50 1295921591
51 1297209406
52 1296750298
53 1297209107
54 1297140584
55 1297127651
56 1296792308
57 1296683586
58 1297189916
59 1297182692
60 1297045339
61 1297106962
62 1297206141
63 1296938061
64 1297180243
65 1297045859
66 1296865923
67 1297039978
68 1296591293
69 1297197263
70 1297115095
71 1296390980
72 1296508955
73 1296823310
74 1297062586
75 1297202182
76 1581158052
77 1297079585
78 1297195592
79 1296849805
80 1297195621
81 1297142950
82 1296748191
83 1297159024
84 1297193984
85 1297123556
86 1296482476
87 1297206977
88 1297126104
89 1296699914
90 1297160859
91 1296343262
92 1297127354
93 1297164372
94 1297172796
95 1297201765
96 1296260988
97 1297203537
98 1297145334
99 1297204895
100 1297117099
101 1297183756
102 1297192008
103 1297123136
104 1297093210
105 1297132768
106 1297159510
107 1297165726
108 1296899203
109 1297034202
110 1297141133
111 1364583362
112 1364660489
113 1364714953
114 1364317776
115 1364621401
116 1362105172
117 1364455175
118 1364240788
119 1364598122
120 1363707468
121 1364394518
122 1364578065
123 1364366329
124 1364625951
125 1362383772
126 1363861257
127 1362445722
128 1364682357
129 1364615053
130 1363986572
131 1364355907
132 1361323640
133 1363379677
134 1364429790
135 1364602694
136 1364692870
137 1360082738
138 1363256418
139 1364129947
140 1364394043
141 1364612761
142 1364158020
143 1364656736
144 1362608003
145 1363902468
146 1364183749
147 1364735642
148 1364753448
149 1363785737
150 1364742709
151 1361410550
152 1362646821
153 1364468122
154 1362763742
155 1363814624
156 1360286405
157 1364694426
158 1364087509
159 1364118956
160 1364354055
161 1363113512
162 1362701869
163 1364604366
164 1364687337
165 1363297783
166 1364128795
167 1364230131
168 1363543905
169 1362890952
170 1364739172
171 1362213825
172 1361110480
173 1364055669
174 1363186926
175 1363436388
176 1364586484
177 1363891574
178 1364533538
179 1364695068
180 1364714488
181 1362527813
182 1364180860
183 1362585098
184 1364599834
185 1364707887
186 1363334433
187 1364470440
188 1359859072
189 1364706778
190 1360209389
191 1364192508
192 1363104629
193 1363245501
194 1364724806
195 1363101060
196 1364593804
197 1363193353
198 1363688191
199 1360526370
200 1364376828
201 1363592718
202 1364623387
203 1362158511
204 1362122448
205 1363415160
206 1364732521
207 1361573717
208 1360674946
209 1363794480
210 1363362488
211 1362404651
212 1364628234
213 1359799822
214 1364283999
215 1364680597
216 1364445002
217 1363089847
218 1363095381
219 1361625759
220 1363199107
221 1362659766
222 1363306332
223 1364577769
224 1364737452
225 1363087199
